                       ts         regime  shed_base  shed_bb  lmp_max_bb  contam  f_dino_long  f_long_drill  f_bell_bighill  f_bighill_sand  f_howard_sols  f_ring_drill_sand  f_ring_sand_sols  f_ring_sols_drill
2025-07-30T21:00:00+00:00    summer_peak        259      268    881750.0      15         1590          1705            2067            2097            125               2255                 6                359
2025-08-25T21:00:00+00:00    summer_peak        371      361    976929.4      14         1130          1480            2240            2290              4               2357                82                338
2025-08-19T19:00:00+00:00    summer_peak        876      776   1000000.0      41         1457          1826            2587            2584            123               2672                55                402
2025-07-24T21:00:00+00:00    summer_peak        161      142    609613.8       2         1324          1399            2094            2141             94               2241                47                337
2025-07-29T20:00:00+00:00    summer_peak        164      192    696579.3       6         1573          1654            1884            1960            226               2160                37                365
2026-04-03T13:00:00+00:00 high_wind_west         88       91    480038.5       0          453            51            1084            1004            323                998               165                 78
2025-01-18T01:00:00+00:00 high_wind_west        349      176    872782.4       9         2493          2625            3689            3810            284               3584               126                513
2025-03-14T12:00:00+00:00 high_wind_west        372      183    872802.6       9         1731          1845            2929            3051            287               2888                53                437
2026-03-16T06:00:00+00:00 high_wind_west        419      202    969837.4       9         1643          1756            2857            2977            290               2816                43                431
2026-03-21T06:00:00+00:00 high_wind_west        434      214    872759.5       9         1334          1463            2571            2690            287               2554                18                401
2025-03-02T10:00:00+00:00  mild_shoulder        356      179    872695.0       9         1486          1562            2654            2774            290               2631                31                407
2025-03-22T08:00:00+00:00  mild_shoulder        551      368    922131.6      35          428            13            1186            1301            290               1257                99                251
2026-04-20T08:00:00+00:00  mild_shoulder        240      124    561335.6       4          400           502            1659            1748            289               1664                37                286
2025-03-03T08:00:00+00:00  mild_shoulder        247      128    526261.1       1          737           800            1935            2045            289               1936                14                318
2025-03-20T08:00:00+00:00  mild_shoulder        399      696    869105.6      26          495           230            1397            1409            290               1253                42                222
2025-01-20T15:00:00+00:00    winter_peak        145      150    882004.7       5          215            78             634             740            143                873                21                130
2025-01-07T13:00:00+00:00    winter_peak        731      825    947399.0      37          442           115            1501            1484            275               1339                26                228
2025-01-10T00:00:00+00:00    winter_peak        580      770    922147.6      32          399            94            1794            1722            272               1528                16                238
2025-01-06T14:00:00+00:00    winter_peak        491      327    965932.1      12          269             4            1068            1132            273               1207               108                248
2025-01-19T15:00:00+00:00    winter_peak        332      257    974263.1       9         1441          1802            2518            2626            275               2756                18                452

shed: base 7,565 -> bb 6,429 MW (1,136 relieved)
hours fully served by backbone: 0/20
hours with shed-cost-contaminated LMPs after backbone: 19/20
