                       ts         regime  shed_base  shed_bb  lmp_max_bb  contam  f_dino_long  f_long_drill  f_bell_bighill  f_bighill_sand  f_howard_sols
2025-07-30T21:00:00+00:00    summer_peak        269      276      4618.9      16          295           108              13              60            155
2025-08-25T21:00:00+00:00    summer_peak        376      355      4713.1      16          578           515             115              45            186
2025-08-19T19:00:00+00:00    summer_peak        877      805      5000.0      47          746           651             266             142             88
2025-07-24T21:00:00+00:00    summer_peak        166      163      3044.8       2          230           453             151             103            116
2025-07-29T20:00:00+00:00    summer_peak        171      194      3537.8       7          674           187             115             114            148
2026-04-03T13:00:00+00:00 high_wind_west         88      101      2390.2       0         1141           975             276             164            252
2025-01-18T01:00:00+00:00 high_wind_west        364      156      3070.5       3         1214          1318              68             191            101
2025-03-14T12:00:00+00:00 high_wind_west        384      155      4558.7       5         1357          1422              70             192             93
2026-03-16T06:00:00+00:00 high_wind_west        431      163      2821.7       4         1371          1430              73             195            125
2026-03-21T06:00:00+00:00 high_wind_west        446      175      3152.6       4         1369          1436              98             218             93
2025-03-02T10:00:00+00:00  mild_shoulder        368      154      4656.1       5         1357          1422              69             191             88
2025-03-22T08:00:00+00:00  mild_shoulder        555      276      4403.7      10         1278          1451             103             218            107
2026-04-20T08:00:00+00:00  mild_shoulder        253      117      3337.0       2         1439          1407             152             208             65
2025-03-03T08:00:00+00:00  mild_shoulder        260      115      4649.3       4         1333          1401              95             196            138
2025-03-20T08:00:00+00:00  mild_shoulder        401      611      4884.8      84         1694          1538             242             225            177
2025-01-20T15:00:00+00:00    winter_peak        147      153      4406.8       7           70           512             252             149            252
2025-01-07T13:00:00+00:00    winter_peak        733      733      4776.3      87         1637          1483             273             224            149
2025-01-10T00:00:00+00:00    winter_peak        581      746      4774.1      77         2012          1564             324             216            128
2025-01-06T14:00:00+00:00    winter_peak        493      281      4904.8      16         1575          1335             194             192             97
2025-01-19T15:00:00+00:00    winter_peak        339      226      2785.1       3         1354          1102             197             199             13

shed: base 7,702 -> bb 5,955 MW (1,747 relieved)
hours fully served by backbone: 0/20
hours with shed-cost-contaminated LMPs after backbone: 19/20
